110 0.09167623519897461
110 0.18262863159179688
110 0.27377915382385254
110 0.3647482395172119
111 0.45572710037231445
111 0.5468156337738037
110 0.6379284858703613
110 0.7291083335876465
110 0.8202650547027588
111 0.9118368625640869
110 1.00309157371521
110 1.0942585468292236
111 1.1861217021942139
111 1.2774927616119385
111 1.3687286376953125
113 1.4599366188049316
114 1.5511879920959473
116 1.6424560546875
117 1.734184980392456
119 1.8256449699401855
120 1.9169530868530273
123 2.008345127105713
124 2.099898338317871
127 2.191166877746582
129 2.282383680343628
131 2.373495578765869
134 2.464972496032715
135 2.5561060905456543
137 2.647235870361328
139 2.738398313522339
139 2.829437732696533
140 2.9210100173950195
143 3.0124082565307617
143 3.1036417484283447
144 3.19504976272583
145 3.2863898277282715
147 3.377429723739624
147 3.4684581756591797
149 3.560060739517212
150 3.6515116691589355
151 3.7430367469787598
152 3.8341312408447266
154 3.925147533416748
154 4.016386985778809
155 4.107545375823975
157 4.199035882949829
158 4.290426015853882
158 4.381690502166748
159 4.472673177719116
160 4.563652276992798
161 4.654649496078491
162 4.745920658111572
163 4.836941957473755
163 4.927905797958374
164 5.019065856933594
164 5.1103551387786865
165 5.201462984085083
166 5.292790651321411
166 5.3838934898376465
167 5.474900484085083
168 5.566387176513672
169 5.657394886016846
169 5.748609781265259
170 5.839590072631836
171 5.9305500984191895
172 6.0219268798828125
172 6.11325216293335
173 6.204457998275757
173 6.295841693878174
174 6.3871119022369385
174 6.478479385375977
174 6.569907188415527
176 6.661213636398315
176 6.7529871463775635
177 6.844256401062012
178 6.935787677764893
179 7.0273118019104
179 7.118757247924805
179 7.210480451583862
181 7.301746129989624
181 7.393648862838745
182 7.485272645950317
183 7.577044725418091
184 7.66822361946106
185 7.759463787078857
185 7.851291656494141
186 7.942879676818848
186 8.034032106399536
187 8.125612497329712
188 8.21656847000122
189 8.30755352973938
189 8.398603200912476
190 8.49006175994873
191 8.5813627243042
191 8.672846794128418
191 8.764209270477295
192 8.855444431304932
192 8.947014093399048
193 9.038159132003784
194 9.129179000854492
194 9.2202787399292
195 9.311392068862915
196 9.402535438537598
196 9.493663311004639
196 9.584640979766846
197 9.675669431686401
197 9.766868352890015
198 9.858278274536133
198 9.949805974960327
200 10.041187047958374
199 10.132580041885376
199 10.22382640838623
200 10.315078020095825
200 10.406370878219604
201 10.498342037200928
200 10.589481115341187
201 10.680689573287964
202 10.771976232528687
202 10.86311936378479
202 10.954448223114014
202 11.045850276947021
203 11.13710641860962
203 11.228428840637207
203 11.320126056671143
203 11.411417722702026
204 11.50299334526062
204 11.594226360321045
204 11.685454368591309
205 11.776670932769775
205 11.867931842803955
205 11.959338665008545
206 12.05094599723816
206 12.142446517944336
206 12.233500480651855
207 12.324458122253418
207 12.41614556312561
208 12.507182359695435
207 12.598206281661987
208 12.68921685218811
208 12.780273914337158
208 12.871594667434692
208 12.962992191314697
209 13.05435299873352
209 13.14568018913269
209 13.237064838409424
210 13.32837724685669
210 13.419918060302734
210 13.511351823806763
210 13.602578401565552
211 13.69376015663147
211 13.78506851196289
211 13.876238822937012
211 13.96766209602356
211 14.059104204177856
212 14.150411367416382
212 14.241612195968628
212 14.332873582839966
212 14.424195528030396
213 14.51549243927002
212 14.606820821762085
213 14.698466062545776
212 14.789822578430176
213 14.881091356277466
213 14.97249436378479
214 15.063724756240845
