148 0.09256982803344727
148 0.18510794639587402
147 0.27749085426330566
148 0.3698849678039551
148 0.4617500305175781
147 0.5538907051086426
148 0.6455473899841309
149 0.7373979091644287
149 0.8292286396026611
148 0.9211599826812744
149 1.0133473873138428
149 1.1055119037628174
150 1.1972618103027344
149 1.2892329692840576
150 1.3812081813812256
149 1.473085880279541
147 1.5647785663604736
146 1.6568784713745117
144 1.7484726905822754
140 1.8402516841888428
141 1.9321894645690918
142 2.024205207824707
145 2.115917444229126
147 2.207555055618286
149 2.2992048263549805
150 2.391228675842285
150 2.4826817512512207
152 2.574504852294922
153 2.666365385055542
155 2.7584383487701416
156 2.8502273559570312
157 2.942028284072876
159 3.033900260925293
160 3.1259357929229736
161 3.2181458473205566
162 3.3099193572998047
163 3.401566743850708
164 3.493065118789673
166 3.5850443840026855
167 3.676811456680298
167 3.768587112426758
169 3.8604142665863037
170 3.9523825645446777
171 4.044262409210205
173 4.136136054992676
173 4.2281105518341064
174 4.319745779037476
176 4.411556720733643
177 4.5035529136657715
178 4.595227003097534
179 4.687111139297485
180 4.779128789901733
182 4.870681524276733
182 4.962567329406738
183 5.054563522338867
185 5.146353006362915
186 5.238306522369385
187 5.3300621509552
187 5.421769142150879
188 5.513723850250244
190 5.605485200881958
190 5.697365760803223
191 5.789062261581421
192 5.880997180938721
192 5.973158836364746
193 6.065384864807129
194 6.157349586486816
194 6.2491984367370605
195 6.34134578704834
195 6.433089017868042
196 6.525412559509277
196 6.617480993270874
197 6.709211826324463
198 6.800773859024048
197 6.8925864696502686
198 6.984602689743042
199 7.076255559921265
199 7.168257474899292
199 7.259820222854614
200 7.351659774780273
200 7.44378137588501
200 7.535972833633423
201 7.627755165100098
201 7.719643592834473
201 7.811335563659668
202 7.903143405914307
202 7.995049715042114
202 8.087081670761108
202 8.179034948348999
202 8.27102541923523
203 8.362757682800293
203 8.454264879226685
204 8.546156644821167
203 8.637784719467163
204 8.729708433151245
204 8.821505546569824
204 8.913028240203857
205 9.005186319351196
205 9.097028255462646
206 9.188779592514038
206 9.280529975891113
206 9.372182130813599
206 9.464288473129272
206 9.556235074996948
207 9.648132562637329
206 9.73980975151062
208 9.831559658050537
208 9.923139572143555
208 10.015077829360962
209 10.10672926902771
209 10.198387145996094
209 10.290238618850708
210 10.38215970993042
209 10.473913669586182
209 10.565571069717407
210 10.657058954238892
211 10.748690605163574
210 10.840535402297974
211 10.932443141937256
212 11.02429747581482
211 11.116472959518433
211 11.208148956298828
212 11.299712896347046
212 11.391539096832275
213 11.483134508132935
212 11.575093269348145
213 11.666834115982056
213 11.75915241241455
214 11.851146697998047
214 11.943552732467651
214 12.03586459159851
215 12.128066539764404
214 12.219852685928345
215 12.311672687530518
215 12.403428077697754
215 12.495004653930664
215 12.586924076080322
216 12.678757190704346
216 12.770447254180908
216 12.862187385559082
216 12.95408582687378
216 13.04658579826355
216 13.138440370559692
217 13.230255365371704
217 13.32212233543396
217 13.413974523544312
218 13.505698919296265
218 13.597593784332275
218 13.689464807510376
218 13.78121542930603
218 13.872958660125732
218 13.964796781539917
219 14.056773900985718
219 14.148885011672974
219 14.240866422653198
220 14.332742691040039
219 14.424540281295776
219 14.516554117202759
220 14.608265161514282
220 14.700167417526245
220 14.792168140411377
220 14.883968114852905
220 14.975927352905273
221 15.067668437957764
