123 0.09122943878173828
123 0.18222570419311523
123 0.27321529388427734
121 0.3642258644104004
122 0.4552304744720459
122 0.5464649200439453
122 0.6379098892211914
122 0.728966474533081
122 0.8202707767486572
122 0.9114949703216553
122 1.002795696258545
123 1.094310998916626
122 1.1856088638305664
123 1.2768335342407227
123 1.3680307865142822
123 1.4593005180358887
123 1.550776720046997
125 1.6419475078582764
126 1.7332539558410645
127 1.8244879245758057
127 1.9156851768493652
131 2.0070247650146484
132 2.0987188816070557
134 2.190218687057495
135 2.2815654277801514
137 2.3729941844940186
139 2.4643046855926514
140 2.555752754211426
141 2.647185802459717
142 2.7385659217834473
143 2.829859733581543
145 2.921295404434204
147 3.012852191925049
147 3.104426383972168
149 3.1957509517669678
150 3.2871129512786865
151 3.3784193992614746
153 3.4696996212005615
153 3.561229705810547
154 3.6524603366851807
155 3.744079113006592
157 3.835279941558838
157 3.9266231060028076
159 4.0180604457855225
160 4.109577417373657
160 4.200818300247192
161 4.292042255401611
163 4.3832783699035645
163 4.474509000778198
164 4.56633996963501
166 4.657636404037476
166 4.7490925788879395
167 4.840404272079468
167 4.931613206863403
168 5.0230162143707275
169 5.1143293380737305
170 5.205634355545044
171 5.297022581100464
172 5.38845682144165
173 5.479873180389404
173 5.5715172290802
173 5.662490367889404
174 5.753514528274536
175 5.84451961517334
177 5.935697078704834
177 6.026952505111694
177 6.118019104003906
178 6.209077596664429
178 6.3000993728637695
179 6.391416549682617
179 6.482789039611816
179 6.5744006633758545
181 6.665706157684326
181 6.7568910121917725
183 6.8485188484191895
183 6.940236568450928
183 7.031894683837891
184 7.123258829116821
184 7.214831590652466
185 7.305824041366577
186 7.396831035614014
186 7.487842559814453
187 7.5790112018585205
188 7.670233488082886
188 7.761603832244873
189 7.852830171585083
190 7.944103240966797
189 8.035465717315674
191 8.126730680465698
191 8.218227863311768
191 8.309674501419067
192 8.401135921478271
193 8.492467880249023
194 8.584060907363892
194 8.675251722335815
194 8.766517400741577
195 8.857877254486084
195 8.949375867843628
197 9.041014671325684
197 9.13229513168335
197 9.223516702651978
198 9.314929485321045
198 9.406105041503906
199 9.497598886489868
199 9.589298725128174
200 9.680581092834473
200 9.771883964538574
200 9.863155841827393
200 9.954437255859375
201 10.045976638793945
201 10.137312650680542
201 10.228398561477661
202 10.319607973098755
202 10.41093373298645
202 10.502207279205322
203 10.59384274482727
203 10.685163497924805
203 10.776346921920776
204 10.867320775985718
204 10.958376169204712
204 11.04956579208374
205 11.140816688537598
205 11.231798648834229
205 11.322967529296875
206 11.41430950164795
206 11.505569219589233
206 11.596964120864868
207 11.688149690628052
207 11.779449462890625
207 11.870674133300781
208 11.962026119232178
208 12.053812980651855
208 12.145273685455322
208 12.236435890197754
208 12.327434301376343
209 12.418469667434692
210 12.5097336769104
210 12.60113263130188
210 12.69214916229248
210 12.783231019973755
210 12.875128269195557
210 12.966387748718262
211 13.057906150817871
211 13.149330854415894
211 13.240702390670776
211 13.331942558288574
212 13.423208475112915
212 13.514606237411499
213 13.606076717376709
213 13.697275161743164
212 13.788391351699829
213 13.879431009292603
213 13.970645427703857
214 14.061943531036377
213 14.152940273284912
214 14.244109392166138
214 14.335551023483276
214 14.427094221115112
215 14.518452644348145
214 14.609798192977905
215 14.70071816444397
215 14.79187536239624
215 14.882919311523438
216 14.974361896514893
216 15.06558108329773
